2208586,2744871 2094814,3380585
3937279,2452476 3597034,2313095
3535638,3151860 4098735,3373876
1867584,2125870 2685670,2236965
2290971,1583182 2685670,2236965
3137806,2216828 3233556,2000000
3393352,331000 3233556,2000000
1444302,821689 1683873,-199301
1084667,3412239 2094814,3380585
439341,3916996 -290982,4102300
295460,2114590 362644,370187
2212046,3819484 2094814,3380585
3413280,3862465 4098735,3373876
3744934,1572303 3597034,2313095
3349047,2522469 3597034,2313095
171415,591241 362644,370187
3237499,2150414 3233556,2000000
559077,454593 362644,370187
3030733,2047512 3233556,2000000
1667358,3956837 2094814,3380585
1850337,98963 1683873,-199301
2699546,3157824 2094814,3380585
1113195,98130 1683873,-199301
59337,246804 362644,370187
566043,29068 362644,370187
2831421,2581088 2685670,2236965
597818,749461 362644,370187